32 0.04274666666666666
96 0.04276766666666667
160 0.042827666666666674
224 0.042860666666666665
288 0.042935
352 0.043081666666666664
416 0.042956666666666664
480 0.043014666666666666
544 0.043061666666666665
608 0.043094
672 0.04316866666666667
736 0.043235
800 0.043332333333333334
864 0.043424333333333336
928 0.043487
992 0.04357033333333333
1056 0.044743333333333336
1120 0.044756
1184 0.044743333333333336
1248 0.044746666666666664
1312 0.04474733333333333
1376 0.044757
1440 0.04476133333333334
1504 0.04476366666666667
1568 0.04476366666666667
1632 0.04487933333333333
