32 0.043859333333333334
96 0.04277566666666666
160 0.04287966666666667
224 0.04286833333333334
288 0.043269333333333326
352 0.042928333333333325
416 0.04331833333333334
480 0.04334966666666667
544 0.043008
608 0.04305866666666667
672 0.043185
736 0.04395366666666667
800 0.043333333333333335
864 0.043343999999999994
928 0.04345366666666667
992 0.04354633333333333
1056 0.04472233333333333
1120 0.044732666666666664
1184 0.04473833333333333
1248 0.044743000000000005
1312 0.044745
1376 0.04479166666666667
1440 0.04480566666666667
1504 0.044756
1568 0.04476133333333333
1632 0.044771
