32 0.00021566666666666666
96 0.00022466666666666663
160 0.000246
224 0.00026033333333333334
288 0.00027
352 0.0002753333333333333
416 0.00028833333333333337
480 0.000301
544 0.00031066666666666666
608 0.0003246666666666667
672 0.000343
736 0.00035699999999999995
800 0.00037600000000000003
864 0.0003953333333333333
928 0.00041733333333333336
992 0.0004386666666666667
1056 0.000452
1120 0.00044833333333333335
1184 0.0004523333333333333
1248 0.00045033333333333335
1312 0.00045366666666666667
1376 0.00044866666666666666
1440 0.0004516666666666666
1504 0.00045366666666666667
1568 0.0004573333333333333
1632 0.0004576666666666667
