32 0.000224
96 0.00024433333333333333
160 0.00026700000000000004
224 0.00027833333333333334
288 0.00027866666666666665
352 0.00029166666666666664
416 0.0002976666666666666
480 0.0003056666666666666
544 0.000323
608 0.00033499999999999996
672 0.0003543333333333333
736 0.000376
800 0.00042433333333333337
864 0.000422
928 0.00044833333333333335
992 0.000477
1056 0.00048566666666666664
1120 0.0004873333333333333
1184 0.0005266666666666667
1248 0.000495
1312 0.0004963333333333333
1376 0.000501
1440 0.0005016666666666666
1504 0.0005049999999999999
1568 0.000508
1632 0.0005110000000000001
