32 0.0011918
96 0.0012321999999999997
160 0.001411
224 0.0015229999999999996
288 0.0015606
352 0.0016241000000000003
416 0.0016886000000000002
480 0.0018495
544 0.0019743
608 0.0021636000000000003
672 0.002294
736 0.0024084
800 0.0025487999999999995
864 0.0026571999999999998
928 0.0027479
992 0.0028962000000000002
1056 0.0029063
1120 0.0029079
1184 0.0029141
1248 0.0029132000000000003
1312 0.0030067
1376 0.0030079
1440 0.0031046999999999997
1504 0.0032003000000000005
1568 0.0033966000000000005
1632 0.0036225999999999993
