32 0.0010463333333333334
96 0.0010486666666666667
160 0.0010796666666666665
224 0.0011043333333333333
288 0.001134
352 0.0011353333333333335
416 0.001151
480 0.0011400000000000002
544 0.0011596666666666667
608 0.0011756666666666667
672 0.0011833333333333333
736 0.0011813333333333335
800 0.0011833333333333333
864 0.0012073333333333335
928 0.001242
992 0.0012656666666666667
1056 0.001301
1120 0.001307
1184 0.0013023333333333335
1248 0.0013006666666666668
1312 0.001312
1376 0.0013093333333333334
1440 0.0013103333333333335
1504 0.0013136666666666668
1568 0.001322
1632 0.0013243333333333334
