32 0.03064233333333333
96 0.030809
160 0.031271
224 0.031976
288 0.032738333333333335
352 0.03340766666666666
416 0.034057000000000004
480 0.03508733333333333
544 0.03657033333333334
608 0.037800999999999994
672 0.038669666666666665
736 0.03946233333333333
800 0.03888
864 0.03929233333333334
928 0.03896733333333333
992 0.03806366666666666
1056 0.039965
1120 0.03975666666666667
1184 0.039870666666666665
1248 0.039728999999999993
1312 0.04012733333333333
1376 0.04004166666666666
1440 0.039301
1504 0.04027666666666667
1568 0.04025033333333333
1632 0.040717666666666666
