32 0.03039
96 0.030459333333333328
160 0.030714
224 0.031041333333333334
288 0.031244333333333332
352 0.031350333333333334
416 0.031440666666666665
480 0.031552333333333335
544 0.031711333333333334
608 0.031828999999999996
672 0.031978
736 0.03212033333333333
800 0.03257766666666667
864 0.03250433333333333
928 0.03325733333333333
992 0.03315066666666667
1056 0.033549333333333334
1120 0.033534666666666664
1184 0.03354166666666667
1248 0.033561
1312 0.03357633333333333
1376 0.033556333333333334
1440 0.03358033333333333
1504 0.03356566666666667
1568 0.03357333333333334
1632 0.033585000000000004
